44859
44469
43899
43056
42208
42181
41712
41248
40779
41120
41200
41989
41883
41296
41259
40565
39435
38549
39024
39632
40667
41824
43141
43925
45296
46587
46864
47141
47413
48549
50096
50848
50837
49861
45147
38928
39296
51595
73269
109211
176763
303829
555349
916320
1316571
1647707
1764352
1666437
1551024
1580933
1731883
1898965
2069216
2507872
3094453
3454107
3572544
3536336
3354064
3014661
2591323
2448944
3323019
4981131
6246469
6160331
5207248
4838571
5279216
5817888
6050331
6108523
6214117
6405739
6590651
6679232
6658773
6605440
6594267
6621344
6612528
6514469
6343243
6160709
5989600
5777387
5488405
5209845
4977365
4808784
4842912
4917200
4772779
4230464
3440416
2946107
2969387
3237749
3397136
3392197
3357216
3386379
3475973
3597419
3701765
3744229
3746011
3772320
3850517
3935744
3972331
3969749
3981189
4019163
4022869
3880720
3516256
3048731
2712091
2685675
2812811
2819168
2665611
2440736
2180784
1897552
1680747
1624773
1682011
1717611
1685947
1662000
1661755
1495152
1071077
673888
383627
170453
86784
76693
73563
50997
13141
-29072
-70475
-108869
-139653
-163003
-181755
-199621
-213541
-224256
-231344
-237045
-240437
-242704
-243195
-243099
-241536
-236389
-229237
-223792
-222331
-216011
-206651
-186016
-116560
-70368
-96976
-138800
-144491
-123931
-106795
-103216
-103205
-98997
-89163
-77712
-65232
-52400
-39867
-31435
-28875
-28976
-29616
-28560
-24405
-20251
-16715
-12923
-9035
-6112
-5317
-4939
-5259
-5579
-5899
-5685
-4939
-3659
-1621
2000
6485
11232
14373
16453
16928
16341
16288
16229
16176
15056
13931
12277
10091
7899
4571
-331
-4805
-5365
-501
11728
39685
100752
214523
416917
677429
788357
652933
467643
404005
375141
306400
302795
410139
494533
485627
465280
513685
546507
428347
241093
134821
113797
117195
152368
228981
278800
281989
299072
342592
356395
328197
299275
300331
316261
320651
307653
287531
259573
206048
126528
62725
47835
59547
63200
49461
29589
17717
11739
6363
-80
-9728
-22128
-34277
-29984
5083
38800
32581
6176
-6757
-3019
1787
-267
1397
15269
35680
41264
26773
10576
6011
9483
10757
7227
3376
10757
7227
3376
10576
6011
9483

