0.016665   0.033330
0.050000   0.033340
0.083335   0.033330
0.111665   0.023330
0.135000   0.023340
0.158335   0.023330
0.178335   0.016670
0.195000   0.016660
0.211665   0.016670
0.241665   0.043330
0.285000   0.043340
0.328335   0.043330
0.430555   0.161110
0.591665   0.161110
0.752775   0.161110
0.972220   0.277780
1.250000   0.277780
1.527780   0.277780
1.805555   0.277770
2.083330   0.277780
2.361110   0.277780
2.638890   0.277780
2.916670   0.277780
3.194445   0.277770
3.611110   0.555560
4.166665   0.555550
4.722220   0.555560
5.277780   0.555560
6.111115   1.111110
7.222225   1.111110
8.333335   1.111110
9.444445   1.111110
