1.2820e-02   2.5640e-02
3.8460e-02   2.5640e-02
6.4100e-02   2.5640e-02
8.9740e-02   2.5640e-02
1.1538e-01   2.5650e-02
1.4103e-01   2.5640e-02
1.6667e-01   2.5640e-02
1.9231e-01   2.5640e-02
2.1795e-01   2.5640e-02
2.3897e-01   1.6410e-02
2.5538e-01   1.6410e-02
2.7180e-01   1.6410e-02
2.8462e-01   9.2300e-03
2.9385e-01   9.2300e-03
3.0307e-01   9.2300e-03
3.1141e-01   7.4400e-03
3.1885e-01   7.4300e-03
3.2628e-01   7.4400e-03
3.3910e-01   1.8210e-02
3.5731e-01   1.8200e-02
3.7552e-01   1.8210e-02
3.8718e-01   5.1200e-03
3.9231e-01   5.1300e-03
3.9743e-01   5.1300e-03
4.1026e-01   2.0510e-02
4.3077e-01   2.0520e-02
4.5128e-01   2.0510e-02
4.7436e-01   2.5640e-02
5.0000e-01   2.5640e-02
5.2564e-01   2.5640e-02
5.4872e-01   2.0510e-02
5.6923e-01   2.0520e-02
5.8974e-01   2.0510e-02
6.0257e-01   5.1300e-03
6.0769e-01   5.1300e-03
6.1282e-01   5.1200e-03
6.2448e-01   1.8210e-02
6.4269e-01   1.8200e-02
6.6090e-01   1.8210e-02
6.7372e-01   7.4400e-03
6.8115e-01   7.4300e-03
6.8859e-01   7.4400e-03
6.9693e-01   9.2300e-03
7.0616e-01   9.2300e-03
7.1538e-01   9.2300e-03
7.2820e-01   1.6410e-02
7.4462e-01   1.6410e-02
7.6103e-01   1.6410e-02
7.7436e-01   1.0260e-02
7.8462e-01   1.0250e-02
7.9487e-01   1.0260e-02
8.2693e-01   5.3850e-02
8.8077e-01   5.3840e-02
9.3461e-01   5.3850e-02
9.9359e-01   6.4100e-02
1.0577e+00   6.4100e-02
1.1218e+00   6.4110e-02
1.2180e+00   1.2820e-01
1.3462e+00   1.2821e-01
1.4744e+00   1.2820e-01
1.6026e+00   1.2821e-01
1.7308e+00   1.2820e-01
1.8590e+00   1.2821e-01
1.9872e+00   1.2820e-01
2.1154e+00   1.2821e-01
2.2436e+00   1.2820e-01
2.3718e+00   1.2821e-01
2.5000e+00   1.2820e-01
2.6282e+00   1.2821e-01
2.7564e+00   1.2820e-01
2.8846e+00   1.2821e-01
3.0128e+00   1.2820e-01
3.1410e+00   1.2821e-01
3.2692e+00   1.2820e-01
3.3974e+00   1.2821e-01
3.5256e+00   1.2820e-01
3.6538e+00   1.2821e-01
3.7820e+00   1.2820e-01
3.9103e+00   1.2821e-01
4.0385e+00   1.2820e-01
4.1667e+00   1.2821e-01
4.2949e+00   1.2820e-01
4.4231e+00   1.2821e-01
4.5513e+00   1.2820e-01
4.6795e+00   1.2821e-01
4.8077e+00   1.2820e-01
4.9359e+00   1.2821e-01
5.1389e+00   2.7778e-01
5.4167e+00   2.7778e-01
5.6944e+00   2.7777e-01
5.9722e+00   2.7778e-01
6.2500e+00   2.7778e-01
6.5278e+00   2.7778e-01
6.8056e+00   2.7777e-01
7.0833e+00   2.7778e-01
7.3611e+00   2.7778e-01
7.6389e+00   2.7778e-01
7.9167e+00   2.7778e-01
8.1944e+00   2.7777e-01
8.4722e+00   2.7778e-01
8.7500e+00   2.7778e-01
9.0278e+00   2.7778e-01
9.3056e+00   2.7777e-01
9.5833e+00   2.7778e-01
9.8611e+00   2.7778e-01
1.0208e+01   4.1667e-01
1.0625e+01   4.1666e-01
1.1042e+01   4.1667e-01
1.1458e+01   4.1667e-01
1.1875e+01   4.1666e-01
1.2292e+01   4.1667e-01
1.2708e+01   4.1667e-01
1.3125e+01   4.1666e-01
1.3542e+01   4.1667e-01
1.3958e+01   4.1667e-01
1.4375e+01   4.1666e-01
1.4792e+01   4.1667e-01
1.5208e+01   4.1667e-01
1.5625e+01   4.1666e-01
1.6042e+01   4.1667e-01
1.6458e+01   4.1667e-01
1.6875e+01   4.1666e-01
1.7292e+01   4.1667e-01
1.7917e+01   8.3333e-01
1.9167e+01   1.6667e+00
2.0833e+01   1.6667e+00
2.2500e+01   1.6667e+00
2.4167e+01   1.6667e+00
